"Time differences (ps)"	"Counts per bin"
-3000	28
-2998	32
-2996	27
-2994	29
-2992	24
-2990	27
-2988	28
-2986	23
-2984	19
-2982	19
-2980	20
-2978	18
-2976	18
-2974	18
-2972	24
-2970	15
-2968	22
-2966	16
-2964	11
-2962	14
-2960	10
-2958	5
-2956	7
-2954	12
-2952	7
-2950	8
-2948	1
-2946	5
-2944	4
-2942	3
-2940	8
-2938	3
-2936	0
-2934	2
-2932	1
-2930	1
-2928	3
-2926	2
-2924	2
-2922	3
-2920	0
-2918	2
-2916	0
-2914	1
-2912	0
-2910	1
-2908	2
-2906	0
-2904	0
-2902	4
-2900	0
-2898	1
-2896	0
-2894	0
-2892	1
-2890	1
-2888	1
-2886	0
-2884	0
-2882	1
-2880	0
-2878	2
-2876	0
-2874	0
-2872	0
-2870	1
-2868	0
-2866	0
-2864	0
-2862	0
-2860	0
-2858	0
-2856	0
-2854	0
-2852	0
-2850	0
-2848	0
-2846	0
-2844	0
-2842	1
-2840	0
-2838	0
-2836	0
-2834	0
-2832	0
-2830	0
-2828	0
-2826	0
-2824	0
-2822	1
-2820	0
-2818	0
-2816	0
-2814	0
-2812	1
-2810	0
-2808	0
-2806	0
-2804	1
-2802	0
-2800	0
-2798	0
-2796	0
-2794	0
-2792	0
-2790	0
-2788	1
-2786	2
-2784	0
-2782	0
-2780	1
-2778	0
-2776	0
-2774	0
-2772	0
-2770	1
-2768	0
-2766	0
-2764	0
-2762	0
-2760	0
-2758	0
-2756	0
-2754	0
-2752	1
-2750	0
-2748	0
-2746	0
-2744	0
-2742	0
-2740	0
-2738	0
-2736	0
-2734	0
-2732	1
-2730	0
-2728	0
-2726	0
-2724	0
-2722	1
-2720	0
-2718	1
-2716	0
-2714	0
-2712	0
-2710	0
-2708	0
-2706	0
-2704	0
-2702	0
-2700	0
-2698	0
-2696	0
-2694	0
-2692	1
-2690	0
-2688	0
-2686	2
-2684	0
-2682	1
-2680	0
-2678	0
-2676	0
-2674	0
-2672	0
-2670	0
-2668	0
-2666	0
-2664	0
-2662	0
-2660	1
-2658	0
-2656	0
-2654	0
-2652	0
-2650	0
-2648	0
-2646	0
-2644	0
-2642	0
-2640	0
-2638	0
-2636	1
-2634	0
-2632	0
-2630	0
-2628	0
-2626	0
-2624	0
-2622	0
-2620	0
-2618	0
-2616	0
-2614	0
-2612	0
-2610	0
-2608	0
-2606	0
-2604	0
-2602	0
-2600	0
-2598	0
-2596	0
-2594	1
-2592	0
-2590	0
-2588	0
-2586	0
-2584	0
-2582	0
-2580	0
-2578	0
-2576	0
-2574	0
-2572	0
-2570	0
-2568	0
-2566	0
-2564	0
-2562	1
-2560	0
-2558	1
-2556	0
-2554	0
-2552	0
-2550	0
-2548	0
-2546	0
-2544	0
-2542	0
-2540	0
-2538	0
-2536	0
-2534	0
-2532	1
-2530	0
-2528	0
-2526	0
-2524	0
-2522	0
-2520	1
-2518	0
-2516	1
-2514	0
-2512	0
-2510	0
-2508	0
-2506	0
-2504	1
-2502	0
-2500	0
-2498	0
-2496	0
-2494	0
-2492	0
-2490	1
-2488	0
-2486	0
-2484	0
-2482	0
-2480	0
-2478	0
-2476	0
-2474	0
-2472	0
-2470	0
-2468	0
-2466	2
-2464	0
-2462	0
-2460	0
-2458	0
-2456	0
-2454	0
-2452	0
-2450	0
-2448	0
-2446	0
-2444	0
-2442	0
-2440	0
-2438	0
-2436	0
-2434	0
-2432	0
-2430	0
-2428	0
-2426	0
-2424	0
-2422	0
-2420	0
-2418	0
-2416	0
-2414	0
-2412	1
-2410	0
-2408	0
-2406	0
-2404	0
-2402	0
-2400	0
-2398	0
-2396	0
-2394	0
-2392	0
-2390	0
-2388	0
-2386	0
-2384	0
-2382	1
-2380	0
-2378	0
-2376	1
-2374	0
-2372	0
-2370	0
-2368	0
-2366	1
-2364	0
-2362	0
-2360	0
-2358	0
-2356	0
-2354	0
-2352	0
-2350	0
-2348	0
-2346	1
-2344	0
-2342	0
-2340	0
-2338	1
-2336	1
-2334	0
-2332	0
-2330	0
-2328	0
-2326	1
-2324	0
-2322	0
-2320	0
-2318	0
-2316	0
-2314	0
-2312	0
-2310	1
-2308	0
-2306	0
-2304	0
-2302	0
-2300	0
-2298	0
-2296	0
-2294	0
-2292	0
-2290	1
-2288	0
-2286	0
-2284	1
-2282	0
-2280	1
-2278	0
-2276	0
-2274	1
-2272	0
-2270	0
-2268	0
-2266	0
-2264	0
-2262	0
-2260	0
-2258	0
-2256	0
-2254	0
-2252	0
-2250	0
-2248	0
-2246	0
-2244	0
-2242	0
-2240	0
-2238	1
-2236	0
-2234	0
-2232	0
-2230	0
-2228	0
-2226	0
-2224	0
-2222	0
-2220	0
-2218	0
-2216	0
-2214	1
-2212	0
-2210	0
-2208	0
-2206	2
-2204	0
-2202	0
-2200	0
-2198	0
-2196	0
-2194	1
-2192	1
-2190	1
-2188	1
-2186	0
-2184	0
-2182	0
-2180	1
-2178	0
-2176	0
-2174	0
-2172	1
-2170	2
-2168	0
-2166	0
-2164	1
-2162	0
-2160	0
-2158	0
-2156	0
-2154	1
-2152	0
-2150	1
-2148	1
-2146	1
-2144	0
-2142	0
-2140	0
-2138	1
-2136	2
-2134	1
-2132	0
-2130	0
-2128	1
-2126	0
-2124	0
-2122	0
-2120	0
-2118	0
-2116	0
-2114	1
-2112	0
-2110	0
-2108	2
-2106	1
-2104	1
-2102	2
-2100	3
-2098	3
-2096	2
-2094	1
-2092	3
-2090	2
-2088	2
-2086	6
-2084	3
-2082	5
-2080	2
-2078	7
-2076	1
-2074	2
-2072	4
-2070	2
-2068	8
-2066	2
-2064	7
-2062	7
-2060	6
-2058	6
-2056	8
-2054	7
-2052	11
-2050	9
-2048	14
-2046	11
-2044	15
-2042	14
-2040	13
-2038	22
-2036	22
-2034	22
-2032	17
-2030	26
-2028	23
-2026	30
-2024	22
-2022	30
-2020	34
-2018	33
-2016	37
-2014	31
-2012	40
-2010	27
-2008	45
-2006	38
-2004	41
-2002	47
-2000	29
-1998	17
-1996	32
-1994	41
-1992	28
-1990	26
-1988	24
-1986	25
-1984	23
-1982	18
-1980	26
-1978	22
-1976	23
-1974	20
-1972	19
-1970	13
-1968	24
-1966	16
-1964	11
-1962	13
-1960	12
-1958	7
-1956	4
-1954	15
-1952	9
-1950	5
-1948	6
-1946	8
-1944	2
-1942	6
-1940	7
-1938	4
-1936	3
-1934	3
-1932	2
-1930	2
-1928	1
-1926	1
-1924	0
-1922	3
-1920	1
-1918	0
-1916	2
-1914	1
-1912	4
-1910	2
-1908	1
-1906	2
-1904	0
-1902	0
-1900	0
-1898	0
-1896	0
-1894	1
-1892	1
-1890	1
-1888	0
-1886	0
-1884	0
-1882	1
-1880	0
-1878	0
-1876	0
-1874	0
-1872	0
-1870	1
-1868	1
-1866	0
-1864	0
-1862	0
-1860	0
-1858	0
-1856	0
-1854	0
-1852	1
-1850	0
-1848	0
-1846	0
-1844	0
-1842	0
-1840	1
-1838	1
-1836	0
-1834	0
-1832	0
-1830	1
-1828	0
-1826	0
-1824	1
-1822	0
-1820	1
-1818	0
-1816	0
-1814	0
-1812	0
-1810	0
-1808	0
-1806	0
-1804	1
-1802	0
-1800	0
-1798	0
-1796	0
-1794	0
-1792	0
-1790	0
-1788	0
-1786	0
-1784	0
-1782	0
-1780	0
-1778	0
-1776	0
-1774	0
-1772	0
-1770	0
-1768	0
-1766	0
-1764	0
-1762	0
-1760	1
-1758	0
-1756	0
-1754	0
-1752	0
-1750	0
-1748	0
-1746	0
-1744	0
-1742	0
-1740	0
-1738	0
-1736	0
-1734	0
-1732	0
-1730	0
-1728	0
-1726	0
-1724	0
-1722	0
-1720	0
-1718	0
-1716	2
-1714	0
-1712	0
-1710	1
-1708	1
-1706	0
-1704	0
-1702	0
-1700	0
-1698	0
-1696	0
-1694	0
-1692	0
-1690	0
-1688	0
-1686	0
-1684	0
-1682	0
-1680	0
-1678	0
-1676	0
-1674	0
-1672	0
-1670	0
-1668	0
-1666	0
-1664	0
-1662	0
-1660	0
-1658	0
-1656	0
-1654	0
-1652	0
-1650	0
-1648	0
-1646	0
-1644	0
-1642	0
-1640	0
-1638	0
-1636	0
-1634	0
-1632	0
-1630	0
-1628	0
-1626	0
-1624	0
-1622	0
-1620	0
-1618	0
-1616	0
-1614	0
-1612	0
-1610	0
-1608	1
-1606	2
-1604	1
-1602	1
-1600	2
-1598	0
-1596	0
-1594	1
-1592	1
-1590	1
-1588	1
-1586	0
-1584	0
-1582	0
-1580	0
-1578	0
-1576	1
-1574	0
-1572	0
-1570	0
-1568	0
-1566	0
-1564	0
-1562	0
-1560	1
-1558	0
-1556	0
-1554	1
-1552	0
-1550	0
-1548	0
-1546	0
-1544	0
-1542	0
-1540	0
-1538	0
-1536	0
-1534	0
-1532	0
-1530	1
-1528	0
-1526	0
-1524	0
-1522	0
-1520	0
-1518	0
-1516	0
-1514	0
-1512	0
-1510	0
-1508	0
-1506	0
-1504	0
-1502	0
-1500	0
-1498	1
-1496	0
-1494	0
-1492	0
-1490	1
-1488	0
-1486	1
-1484	0
-1482	0
-1480	0
-1478	2
-1476	0
-1474	0
-1472	1
-1470	0
-1468	0
-1466	0
-1464	0
-1462	0
-1460	0
-1458	0
-1456	0
-1454	0
-1452	0
-1450	0
-1448	0
-1446	0
-1444	1
-1442	0
-1440	0
-1438	0
-1436	0
-1434	0
-1432	0
-1430	0
-1428	0
-1426	0
-1424	0
-1422	0
-1420	0
-1418	0
-1416	0
-1414	0
-1412	0
-1410	0
-1408	0
-1406	0
-1404	0
-1402	0
-1400	0
-1398	0
-1396	0
-1394	0
-1392	0
-1390	0
-1388	0
-1386	1
-1384	0
-1382	0
-1380	1
-1378	0
-1376	0
-1374	0
-1372	0
-1370	0
-1368	0
-1366	2
-1364	0
-1362	0
-1360	0
-1358	0
-1356	0
-1354	0
-1352	0
-1350	0
-1348	0
-1346	0
-1344	1
-1342	1
-1340	0
-1338	0
-1336	0
-1334	0
-1332	0
-1330	0
-1328	0
-1326	0
-1324	0
-1322	1
-1320	0
-1318	0
-1316	0
-1314	0
-1312	0
-1310	0
-1308	0
-1306	1
-1304	0
-1302	1
-1300	0
-1298	0
-1296	0
-1294	0
-1292	0
-1290	0
-1288	0
-1286	0
-1284	1
-1282	0
-1280	0
-1278	0
-1276	0
-1274	1
-1272	0
-1270	0
-1268	0
-1266	0
-1264	0
-1262	0
-1260	0
-1258	0
-1256	0
-1254	0
-1252	0
-1250	0
-1248	0
-1246	0
-1244	0
-1242	0
-1240	0
-1238	0
-1236	0
-1234	0
-1232	1
-1230	0
-1228	0
-1226	0
-1224	0
-1222	0
-1220	0
-1218	0
-1216	1
-1214	0
-1212	0
-1210	1
-1208	0
-1206	0
-1204	1
-1202	0
-1200	0
-1198	0
-1196	1
-1194	0
-1192	0
-1190	0
-1188	0
-1186	0
-1184	1
-1182	0
-1180	1
-1178	1
-1176	0
-1174	0
-1172	1
-1170	1
-1168	0
-1166	0
-1164	0
-1162	1
-1160	1
-1158	0
-1156	0
-1154	0
-1152	1
-1150	0
-1148	0
-1146	0
-1144	0
-1142	0
-1140	0
-1138	1
-1136	0
-1134	0
-1132	1
-1130	0
-1128	0
-1126	1
-1124	0
-1122	0
-1120	1
-1118	2
-1116	0
-1114	2
-1112	3
-1110	2
-1108	1
-1106	0
-1104	2
-1102	1
-1100	1
-1098	0
-1096	3
-1094	3
-1092	3
-1090	4
-1088	2
-1086	1
-1084	6
-1082	0
-1080	2
-1078	5
-1076	1
-1074	2
-1072	5
-1070	2
-1068	2
-1066	6
-1064	1
-1062	8
-1060	4
-1058	3
-1056	9
-1054	9
-1052	8
-1050	6
-1048	13
-1046	8
-1044	16
-1042	14
-1040	10
-1038	19
-1036	23
-1034	15
-1032	29
-1030	28
-1028	26
-1026	21
-1024	23
-1022	35
-1020	29
-1018	19
-1016	32
-1014	23
-1012	37
-1010	29
-1008	31
-1006	33
-1004	43
-1002	28
-1000	42
-998	35
-996	37
-994	28
-992	40
-990	30
-988	30
-986	32
-984	24
-982	29
-980	30
-978	20
-976	22
-974	16
-972	25
-970	20
-968	21
-966	18
-964	13
-962	17
-960	11
-958	8
-956	12
-954	13
-952	8
-950	7
-948	3
-946	10
-944	8
-942	8
-940	7
-938	6
-936	8
-934	3
-932	6
-930	6
-928	2
-926	3
-924	3
-922	2
-920	4
-918	0
-916	4
-914	1
-912	4
-910	0
-908	0
-906	4
-904	0
-902	2
-900	0
-898	1
-896	0
-894	2
-892	0
-890	0
-888	1
-886	0
-884	1
-882	0
-880	0
-878	2
-876	1
-874	1
-872	1
-870	0
-868	0
-866	1
-864	0
-862	0
-860	1
-858	1
-856	0
-854	0
-852	1
-850	0
-848	1
-846	1
-844	0
-842	0
-840	0
-838	0
-836	0
-834	0
-832	0
-830	0
-828	0
-826	0
-824	0
-822	0
-820	0
-818	0
-816	0
-814	0
-812	1
-810	0
-808	0
-806	0
-804	0
-802	0
-800	0
-798	0
-796	0
-794	0
-792	0
-790	0
-788	1
-786	0
-784	0
-782	0
-780	0
-778	1
-776	0
-774	0
-772	0
-770	0
-768	0
-766	0
-764	0
-762	0
-760	0
-758	0
-756	0
-754	0
-752	0
-750	0
-748	0
-746	0
-744	0
-742	0
-740	1
-738	0
-736	0
-734	0
-732	0
-730	0
-728	0
-726	1
-724	0
-722	0
-720	0
-718	0
-716	0
-714	0
-712	1
-710	0
-708	0
-706	0
-704	0
-702	0
-700	1
-698	0
-696	0
-694	0
-692	0
-690	0
-688	0
-686	0
-684	0
-682	0
-680	0
-678	0
-676	1
-674	0
-672	0
-670	0
-668	0
-666	0
-664	0
-662	0
-660	0
-658	0
-656	0
-654	0
-652	0
-650	0
-648	0
-646	1
-644	0
-642	0
-640	0
-638	1
-636	0
-634	0
-632	0
-630	0
-628	0
-626	0
-624	0
-622	0
-620	0
-618	0
-616	0
-614	0
-612	0
-610	0
-608	0
-606	0
-604	0
-602	0
-600	0
-598	0
-596	0
-594	1
-592	1
-590	0
-588	0
-586	0
-584	0
-582	0
-580	0
-578	0
-576	0
-574	1
-572	1
-570	0
-568	0
-566	0
-564	0
-562	0
-560	0
-558	0
-556	0
-554	0
-552	0
-550	1
-548	0
-546	0
-544	1
-542	0
-540	0
-538	0
-536	0
-534	0
-532	2
-530	0
-528	0
-526	0
-524	0
-522	0
-520	1
-518	0
-516	1
-514	0
-512	0
-510	0
-508	0
-506	0
-504	0
-502	0
-500	0
-498	0
-496	0
-494	0
-492	0
-490	0
-488	1
-486	0
-484	0
-482	0
-480	0
-478	0
-476	0
-474	0
-472	0
-470	0
-468	0
-466	0
-464	0
-462	0
-460	0
-458	0
-456	0
-454	0
-452	0
-450	0
-448	1
-446	0
-444	1
-442	0
-440	0
-438	0
-436	0
-434	1
-432	0
-430	0
-428	0
-426	0
-424	0
-422	0
-420	0
-418	0
-416	0
-414	0
-412	1
-410	0
-408	0
-406	0
-404	1
-402	1
-400	0
-398	0
-396	0
-394	0
-392	0
-390	0
-388	0
-386	0
-384	0
-382	0
-380	1
-378	1
-376	0
-374	1
-372	0
-370	1
-368	0
-366	0
-364	0
-362	0
-360	0
-358	0
-356	1
-354	0
-352	1
-350	0
-348	0
-346	0
-344	0
-342	0
-340	0
-338	0
-336	0
-334	0
-332	0
-330	0
-328	1
-326	0
-324	1
-322	0
-320	0
-318	0
-316	0
-314	0
-312	1
-310	0
-308	0
-306	1
-304	0
-302	0
-300	0
-298	0
-296	0
-294	1
-292	0
-290	0
-288	1
-286	1
-284	0
-282	0
-280	0
-278	0
-276	0
-274	0
-272	0
-270	1
-268	1
-266	2
-264	0
-262	0
-260	2
-258	1
-256	1
-254	0
-252	0
-250	0
-248	0
-246	0
-244	0
-242	0
-240	0
-238	0
-236	0
-234	0
-232	1
-230	1
-228	0
-226	0
-224	2
-222	0
-220	1
-218	2
-216	0
-214	0
-212	0
-210	2
-208	1
-206	1
-204	3
-202	2
-200	2
-198	0
-196	1
-194	3
-192	1
-190	2
-188	1
-186	3
-184	1
-182	1
-180	2
-178	2
-176	2
-174	4
-172	5
-170	1
-168	4
-166	2
-164	6
-162	4
-160	4
-158	6
-156	6
-154	6
-152	10
-150	8
-148	7
-146	5
-144	6
-142	7
-140	12
-138	6
-136	16
-134	15
-132	14
-130	23
-128	13
-126	13
-124	18
-122	16
-120	16
-118	23
-116	31
-114	21
-112	36
-110	24
-108	36
-106	51
-104	40
-102	45
-100	39
-98	47
-96	52
-94	52
-92	54
-90	61
-88	72
-86	86
-84	92
-82	79
-80	127
-78	135
-76	118
-74	143
-72	154
-70	203
-68	222
-66	213
-64	242
-62	295
-60	317
-58	356
-56	409
-54	441
-52	516
-50	554
-48	644
-46	678
-44	694
-42	793
-40	852
-38	881
-36	1054
-34	1067
-32	1216
-30	1290
-28	1444
-26	1467
-24	1672
-22	1730
-20	1772
-18	1840
-16	1913
-14	2059
-12	2041
-10	2137
-8	2279
-6	2307
-4	2379
-2	2371
0	2395
2	2368
4	2369
6	2438
8	2435
10	2380
12	2335
14	2321
16	2203
18	2129
20	2052
22	2057
24	1929
26	1779
28	1709
30	1667
32	1569
34	1431
36	1273
38	1242
40	1148
42	1067
44	1015
46	931
48	774
50	731
52	662
54	631
56	565
58	485
60	427
62	380
64	376
66	317
68	310
70	314
72	258
74	204
76	205
78	169
80	124
82	145
84	118
86	118
88	99
90	102
92	84
94	95
96	64
98	63
100	57
102	49
104	62
106	48
108	31
110	43
112	34
114	23
116	34
118	29
120	18
122	18
124	17
126	29
128	16
130	11
132	12
134	9
136	8
138	13
140	9
142	11
144	7
146	5
148	9
150	6
152	6
154	1
156	2
158	7
160	10
162	2
164	4
166	4
168	4
170	3
172	3
174	3
176	3
178	3
180	2
182	0
184	3
186	2
188	0
190	2
192	3
194	1
196	0
198	1
200	0
202	0
204	1
206	1
208	0
210	2
212	1
214	0
216	1
218	0
220	1
222	0
224	0
226	1
228	0
230	1
232	1
234	0
236	0
238	2
240	0
242	0
244	0
246	0
248	0
250	1
252	0
254	0
256	0
258	0
260	0
262	0
264	1
266	0
268	1
270	0
272	0
274	0
276	2
278	0
280	0
282	1
284	0
286	1
288	0
290	0
292	0
294	1
296	0
298	0
300	0
302	0
304	0
306	1
308	0
310	2
312	0
314	0
316	1
318	0
320	0
322	0
324	0
326	0
328	0
330	0
332	1
334	0
336	0
338	0
340	0
342	0
344	0
346	0
348	0
350	0
352	0
354	0
356	2
358	0
360	0
362	1
364	0
366	0
368	0
370	0
372	0
374	0
376	0
378	0
380	0
382	0
384	0
386	0
388	0
390	0
392	0
394	0
396	0
398	1
400	0
402	0
404	1
406	0
408	0
410	0
412	0
414	0
416	0
418	1
420	0
422	0
424	0
426	0
428	0
430	0
432	1
434	0
436	0
438	0
440	0
442	0
444	0
446	1
448	0
450	0
452	0
454	0
456	1
458	0
460	1
462	0
464	0
466	0
468	0
470	1
472	0
474	0
476	0
478	0
480	0
482	0
484	1
486	0
488	1
490	0
492	0
494	0
496	0
498	1
500	0
502	0
504	0
506	0
508	0
510	0
512	0
514	0
516	0
518	1
520	0
522	0
524	1
526	0
528	0
530	0
532	0
534	0
536	0
538	0
540	0
542	0
544	0
546	0
548	0
550	0
552	0
554	0
556	0
558	0
560	0
562	0
564	0
566	0
568	0
570	0
572	0
574	0
576	0
578	0
580	0
582	0
584	0
586	0
588	0
590	1
592	0
594	0
596	0
598	0
600	0
602	0
604	0
606	0
608	1
610	2
612	0
614	0
616	0
618	0
620	0
622	0
624	0
626	0
628	0
630	0
632	0
634	0
636	0
638	1
640	0
642	0
644	0
646	0
648	0
650	0
652	0
654	2
656	0
658	0
660	0
662	0
664	0
666	0
668	0
670	0
672	0
674	0
676	0
678	0
680	0
682	0
684	0
686	1
688	0
690	0
692	0
694	0
696	0
698	0
700	0
702	0
704	0
706	0
708	0
710	0
712	0
714	1
716	0
718	0
720	0
722	0
724	0
726	0
728	1
730	0
732	0
734	0
736	0
738	0
740	0
742	0
744	0
746	0
748	0
750	1
752	0
754	0
756	0
758	0
760	0
762	0
764	0
766	0
768	0
770	1
772	1
774	0
776	1
778	0
780	0
782	1
784	1
786	0
788	0
790	0
792	1
794	0
796	0
798	0
800	0
802	0
804	0
806	1
808	1
810	0
812	0
814	0
816	0
818	0
820	1
822	0
824	1
826	0
828	0
830	0
832	0
834	1
836	0
838	0
840	0
842	1
844	0
846	1
848	1
850	0
852	0
854	0
856	1
858	1
860	0
862	1
864	0
866	0
868	0
870	2
872	0
874	0
876	0
878	1
880	0
882	1
884	0
886	0
888	2
890	0
892	2
894	1
896	0
898	1
900	1
902	1
904	1
906	0
908	0
910	1
912	2
914	3
916	1
918	2
920	1
922	0
924	1
926	2
928	1
930	5
932	2
934	3
936	6
938	2
940	5
942	7
944	4
946	8
948	6
950	2
952	4
954	7
956	8
958	6
960	15
962	14
964	9
966	14
968	13
970	14
972	25
974	11
976	23
978	14
980	21
982	27
984	18
986	28
988	29
990	34
992	36
994	32
996	31
998	32
1000	36
1002	33
1004	32
1006	37
1008	41
1010	32
1012	24
1014	34
1016	43
1018	28
1020	35
1022	31
1024	33
1026	34
1028	29
1030	25
1032	28
1034	31
1036	23
1038	16
1040	22
1042	14
1044	12
1046	12
1048	15
1050	12
1052	17
1054	14
1056	7
1058	13
1060	4
1062	9
1064	5
1066	7
1068	6
1070	2
1072	3
1074	4
1076	6
1078	2
1080	3
1082	4
1084	1
1086	6
1088	2
1090	2
1092	1
1094	3
1096	1
1098	0
1100	2
1102	1
1104	3
1106	1
1108	1
1110	4
1112	0
1114	3
1116	1
1118	1
1120	0
1122	1
1124	1
1126	0
1128	1
1130	0
1132	0
1134	0
1136	0
1138	0
1140	0
1142	0
1144	2
1146	1
1148	1
1150	0
1152	0
1154	0
1156	0
1158	0
1160	0
1162	0
1164	0
1166	0
1168	0
1170	0
1172	0
1174	0
1176	0
1178	0
1180	0
1182	0
1184	0
1186	0
1188	0
1190	0
1192	0
1194	0
1196	1
1198	0
1200	0
1202	0
1204	1
1206	0
1208	0
1210	0
1212	0
1214	0
1216	0
1218	1
1220	0
1222	0
1224	0
1226	0
1228	0
1230	0
1232	0
1234	0
1236	0
1238	0
1240	0
1242	0
1244	0
1246	0
1248	0
1250	0
1252	0
1254	1
1256	0
1258	0
1260	0
1262	0
1264	0
1266	0
1268	0
1270	0
1272	0
1274	0
1276	0
1278	1
1280	0
1282	0
1284	0
1286	0
1288	0
1290	0
1292	0
1294	0
1296	0
1298	0
1300	0
1302	0
1304	0
1306	0
1308	0
1310	1
1312	0
1314	0
1316	0
1318	0
1320	0
1322	0
1324	1
1326	0
1328	0
1330	1
1332	0
1334	1
1336	1
1338	0
1340	0
1342	1
1344	0
1346	0
1348	0
1350	0
1352	0
1354	0
1356	1
1358	0
1360	0
1362	0
1364	0
1366	0
1368	2
1370	0
1372	0
1374	0
1376	0
1378	0
1380	1
1382	0
1384	0
1386	1
1388	0
1390	0
1392	0
1394	1
1396	1
1398	0
1400	0
1402	0
1404	0
1406	0
1408	0
1410	0
1412	1
1414	0
1416	0
1418	1
1420	0
1422	0
1424	0
1426	0
1428	0
1430	0
1432	0
1434	0
1436	0
1438	0
1440	0
1442	0
1444	0
1446	0
1448	0
1450	0
1452	1
1454	0
1456	0
1458	0
1460	0
1462	0
1464	0
1466	0
1468	0
1470	0
1472	0
1474	0
1476	0
1478	0
1480	0
1482	0
1484	0
1486	0
1488	0
1490	0
1492	0
1494	0
1496	0
1498	2
1500	1
1502	0
1504	0
1506	1
1508	0
1510	1
1512	0
1514	0
1516	0
1518	0
1520	2
1522	0
1524	0
1526	0
1528	0
1530	0
1532	0
1534	0
1536	0
1538	0
1540	0
1542	0
1544	0
1546	0
1548	0
1550	0
1552	0
1554	0
1556	0
1558	0
1560	0
1562	1
1564	0
1566	0
1568	0
1570	0
1572	0
1574	0
1576	0
1578	1
1580	0
1582	1
1584	0
1586	1
1588	0
1590	0
1592	0
1594	0
1596	0
1598	0
1600	0
1602	1
1604	0
1606	0
1608	2
1610	0
1612	3
1614	0
1616	1
1618	0
1620	0
1622	0
1624	0
1626	1
1628	0
1630	0
1632	0
1634	0
1636	0
1638	0
1640	0
1642	0
1644	0
1646	0
1648	0
1650	0
1652	0
1654	0
1656	0
1658	1
1660	0
1662	1
1664	1
1666	0
1668	0
1670	0
1672	0
1674	1
1676	0
1678	0
1680	0
1682	0
1684	1
1686	0
1688	1
1690	1
1692	0
1694	0
1696	0
1698	0
1700	0
1702	0
1704	0
1706	1
1708	0
1710	2
1712	0
1714	0
1716	0
1718	1
1720	0
1722	0
1724	1
1726	0
1728	0
1730	0
1732	3
1734	0
1736	0
1738	0
1740	0
1742	0
1744	0
1746	1
1748	0
1750	0
1752	0
1754	0
1756	0
1758	1
1760	1
1762	0
1764	0
1766	0
1768	1
1770	0
1772	0
1774	0
1776	0
1778	0
1780	0
1782	0
1784	1
1786	0
1788	0
1790	0
1792	0
1794	1
1796	0
1798	1
1800	0
1802	0
1804	1
1806	0
1808	1
1810	0
1812	0
1814	0
1816	0
1818	0
1820	0
1822	0
1824	0
1826	0
1828	1
1830	1
1832	0
1834	0
1836	1
1838	0
1840	1
1842	3
1844	0
1846	1
1848	1
1850	0
1852	0
1854	0
1856	0
1858	0
1860	0
1862	1
1864	0
1866	1
1868	0
1870	1
1872	0
1874	1
1876	0
1878	3
1880	1
1882	0
1884	1
1886	1
1888	1
1890	1
1892	0
1894	1
1896	1
1898	2
1900	1
1902	0
1904	2
1906	0
1908	0
1910	1
1912	1
1914	1
1916	1
1918	1
1920	1
1922	2
1924	1
1926	3
1928	0
1930	2
1932	1
1934	2
1936	3
1938	4
1940	3
1942	1
1944	5
1946	5
1948	3
1950	4
1952	5
1954	9
1956	11
1958	5
1960	11
1962	8
1964	6
1966	12
1968	10
1970	13
1972	14
1974	17
1976	14
1978	15
1980	21
1982	21
1984	18
1986	22
1988	17
1990	34
1992	25
1994	21
1996	35
1998	23
2000	28
2002	34
2004	40
2006	31
2008	29
2010	45
2012	28
2014	37
2016	36
2018	23
2020	18
2022	27
2024	27
2026	39
2028	34
2030	28
2032	22
2034	27
2036	14
2038	33
2040	17
2042	17
2044	18
2046	18
2048	14
2050	15
2052	16
2054	10
2056	9
2058	15
2060	9
2062	13
2064	11
2066	12
2068	4
2070	9
2072	10
2074	7
2076	4
2078	8
2080	5
2082	3
2084	3
2086	4
2088	3
2090	2
2092	3
2094	1
2096	2
2098	5
2100	3
2102	3
2104	1
2106	0
2108	1
2110	0
2112	1
2114	2
2116	0
2118	1
2120	2
2122	0
2124	0
2126	1
2128	1
2130	0
2132	1
2134	0
2136	0
2138	0
2140	0
2142	0
2144	0
2146	0
2148	0
2150	0
2152	0
2154	0
2156	0
2158	0
2160	1
2162	0
2164	0
2166	1
2168	0
2170	0
2172	0
2174	0
2176	1
2178	0
2180	0
2182	0
2184	1
2186	0
2188	0
2190	0
2192	1
2194	1
2196	0
2198	0
2200	0
2202	0
2204	1
2206	0
2208	0
2210	0
2212	0
2214	0
2216	0
2218	1
2220	0
2222	0
2224	1
2226	0
2228	0
2230	1
2232	0
2234	0
2236	1
2238	0
2240	0
2242	0
2244	0
2246	1
2248	0
2250	0
2252	0
2254	0
2256	0
2258	0
2260	0
2262	0
2264	1
2266	0
2268	1
2270	0
2272	0
2274	0
2276	1
2278	1
2280	0
2282	0
2284	0
2286	0
2288	0
2290	0
2292	0
2294	0
2296	0
2298	0
2300	1
2302	1
2304	0
2306	0
2308	0
2310	1
2312	0
2314	0
2316	1
2318	0
2320	0
2322	0
2324	1
2326	0
2328	0
2330	0
2332	0
2334	1
2336	1
2338	0
2340	0
2342	0
2344	0
2346	0
2348	0
2350	0
2352	0
2354	0
2356	0
2358	0
2360	0
2362	0
2364	0
2366	0
2368	1
2370	0
2372	1
2374	2
2376	1
2378	0
2380	0
2382	0
2384	0
2386	0
2388	0
2390	0
2392	0
2394	0
2396	0
2398	0
2400	0
2402	0
2404	0
2406	0
2408	0
2410	0
2412	0
2414	0
2416	0
2418	2
2420	0
2422	0
2424	0
2426	0
2428	0
2430	1
2432	0
2434	0
2436	0
2438	0
2440	0
2442	0
2444	0
2446	0
2448	0
2450	0
2452	0
2454	0
2456	1
2458	0
2460	0
2462	0
2464	0
2466	0
2468	0
2470	0
2472	0
2474	0
2476	0
2478	2
2480	0
2482	0
2484	2
2486	0
2488	0
2490	1
2492	0
2494	1
2496	1
2498	0
2500	0
2502	0
2504	0
2506	0
2508	0
2510	0
2512	1
2514	0
2516	0
2518	1
2520	0
2522	0
2524	0
2526	0
2528	1
2530	0
2532	1
2534	0
2536	1
2538	0
2540	0
2542	0
2544	0
2546	0
2548	0
2550	0
2552	0
2554	0
2556	0
2558	1
2560	0
2562	0
2564	0
2566	0
2568	0
2570	0
2572	0
2574	0
2576	0
2578	0
2580	0
2582	0
2584	0
2586	0
2588	0
2590	0
2592	0
2594	0
2596	0
2598	0
2600	0
2602	1
2604	0
2606	0
2608	0
2610	0
2612	0
2614	0
2616	0
2618	0
2620	0
2622	1
2624	0
2626	0
2628	0
2630	0
2632	0
2634	0
2636	0
2638	0
2640	0
2642	0
2644	1
2646	0
2648	0
2650	0
2652	0
2654	0
2656	1
2658	0
2660	0
2662	0
2664	0
2666	0
2668	1
2670	0
2672	0
2674	0
2676	0
2678	0
2680	1
2682	0
2684	0
2686	0
2688	0
2690	0
2692	1
2694	0
2696	0
2698	0
2700	0
2702	0
2704	0
2706	0
2708	0
2710	0
2712	0
2714	0
2716	0
2718	0
2720	0
2722	0
2724	0
2726	1
2728	0
2730	0
2732	0
2734	0
2736	0
2738	0
2740	0
2742	0
2744	1
2746	0
2748	0
2750	0
2752	0
2754	0
2756	0
2758	0
2760	0
2762	0
2764	0
2766	0
2768	0
2770	0
2772	0
2774	1
2776	0
2778	0
2780	0
2782	0
2784	0
2786	0
2788	0
2790	1
2792	0
2794	0
2796	0
2798	0
2800	0
2802	0
2804	0
2806	1
2808	0
2810	0
2812	1
2814	1
2816	0
2818	0
2820	0
2822	0
2824	0
2826	0
2828	0
2830	0
2832	0
2834	0
2836	0
2838	1
2840	0
2842	2
2844	1
2846	0
2848	0
2850	0
2852	1
2854	0
2856	0
2858	0
2860	0
2862	0
2864	0
2866	0
2868	0
2870	0
2872	0
2874	0
2876	1
2878	0
2880	0
2882	5
2884	1
2886	1
2888	0
2890	0
2892	1
2894	0
2896	2
2898	1
2900	1
2902	1
2904	2
2906	0
2908	1
2910	3
2912	0
2914	1
2916	0
2918	3
2920	2
2922	2
2924	2
2926	0
2928	2
2930	0
2932	2
2934	0
2936	1
2938	3
2940	0
2942	1
2944	3
2946	2
2948	4
2950	7
2952	1
2954	5
2956	3
2958	3
2960	9
2962	9
2964	7
2966	7
2968	8
2970	11
2972	8
2974	9
2976	17
2978	15
2980	19
2982	18
2984	13
2986	17
2988	27
2990	24
2992	26
2994	22
2996	24
2998	28
